iteration;infraction;ttf
0;0;3.877
1;0;3.968
2;0;3.772
3;0;3.769
4;0;3.625
5;0;4.246
6;0;3.755
7;0;4.087
8;0;4.085
9;0;3.725
10;0;4.855
11;0;4.074
12;0;4.46
13;0;4.25
14;0;3.8
15;0;4.252
16;0;4.117
17;0;4.125
18;0;4.445
19;0;3.916
20;0;3.928
21;0;4.485
22;0;4.241
23;0;3.756
24;0;4.488
25;0;4.115
26;0;4.837
27;0;3.522
28;0;4.26
29;0;3.901
30;0;4.183
31;0;4.259
32;0;4.454
33;0;4.124
34;0;4.444
35;0;4.322
36;0;4.272
37;0;3.751
38;0;3.623
39;0;3.915
40;0;4.356
41;0;3.927
42;0;4.289
43;0;4.455
44;0;3.752
45;0;4.455
46;0;4.885
47;0;3.772
48;0;4.845
49;0;4.118
