iteration;infraction;ttf
0;0;4.513
1;0;4.486
2;0;4.462
3;1;2.349
4;0;4.601
5;1;2.083
6;1;1.694
7;1;2.27
8;1;2.429
9;1;2.581
10;1;1.951
11;1;2.406
12;1;1.477
13;1;1.551
14;1;2.605
15;1;2.002
16;1;1.593
17;1;2.22
18;1;1.675
19;1;2.003
20;0;4.608
21;1;1.714
22;0;4.463
23;1;2.354
24;0;3.233
25;0;3.11
26;1;1.698
27;1;1.728
28;1;2.337
29;1;2.273
30;1;2.347
31;0;4.426
32;1;1.837
33;0;3.104
34;0;4.499
35;1;2.037
36;1;1.658
37;1;1.628
38;0;4.637
39;0;3.969
40;1;1.425
41;1;1.882
42;1;2.236
43;0;3.31
44;1;1.854
45;1;2.306
46;0;4.142
47;0;3.104
48;1;2.513
49;1;2.358
