iteration;infraction;ttf
0;0;3.739
1;0;4.492
2;0;3.984
3;0;4.154
4;0;3.95
5;0;4.325
6;0;3.803
7;0;4.47
8;0;4.973
9;0;4.394
10;0;4.497
11;0;4.852
12;0;4.848
13;0;4.375
14;0;3.963
15;0;4.038
16;0;4.105
17;0;4.169
18;0;3.796
19;0;4.154
20;0;3.975
21;0;4.97
22;0;4.809
23;0;4.861
24;0;4.526
25;0;3.796
26;0;3.973
27;0;4.539
28;0;4.406
29;0;4.164
30;0;4.174
31;0;4.836
32;0;3.803
33;0;4.084
34;0;3.899
35;0;3.813
36;0;4.119
37;0;4.181
38;0;4.941
39;0;4.326
40;0;3.962
41;0;3.805
42;0;4.526
43;0;4.841
44;0;4.609
45;0;4.222
46;0;3.984
47;0;4.138
48;0;4.146
49;0;4.868
