iteration;infraction;ttf
0;0;3.989
1;0;4.101
2;0;3.808
3;0;4.857
4;0;3.798
5;0;3.71
6;0;3.737
7;0;4.498
8;0;3.811
9;0;4.153
10;0;3.984
11;0;4.846
12;0;4.494
13;0;3.989
14;0;4.005
15;0;3.759
16;0;3.55
17;0;4.326
18;0;3.76
19;0;4.126
20;0;3.815
21;1;1.877
22;0;3.8
23;0;3.799
24;0;4.916
25;0;4.506
26;0;4.851
27;0;4.324
28;0;3.37
29;0;4.089
30;0;3.544
31;0;4.305
32;0;3.817
33;0;3.812
34;0;3.713
35;0;3.677
36;0;3.814
37;0;4.453
38;0;4.498
39;0;3.936
40;0;4.165
41;0;4.534
42;0;4.493
43;0;3.809
44;0;4.847
45;0;4.493
46;0;4.158
47;0;3.808
48;0;4.508
49;0;4.49
